
Connected to COM4 at 115200
Hello World

37808 
37808 

37821 
13 

37807 
-14 

37811 
4 

37806 
-5 

37825 
19 

37839 
14 

37800 
-39 

37808 
8 

37833 
25 

37809 
-24 

37794 
-15 

37807 
13 

37810 
3 

37820 
10 

37804 
-16 

37800 
-4 

37781 
-19 

37785 
4 

37787 
2 

37797 
10 

37810 
13 

37796 
-14 

37790 
-6 

37798 
8 

37806 
8 

37807 
1 

37792 
-15 

37799 
7 

37788 
-11 

37786 
-2 

37789 
3 

37795 
6 

37801 
6 


Disconnect of port COM4 executed

Disconnect of port COM4 executed
